# Created by Octave 4.0.0, Tue Nov 10 19:54:22 2015 PST <ajHurliman@Andrews-MBP>
# name: v
# type: matrix
# rows: 1
# columns: 3
 1 2 3


